1 5 9 13 
2 6 10 14 
3 7 11 15 
4 8 12 16 

1 21 6 26 11 31 16 
2 22 7 27 12 32 17 
3 23 8 28 13 33 18 
4 24 9 29 14 34 19 
5 25 10 30 15 35 20 

1 2 3 4 
5 6 7 8 
9 10 11 12 

1 2 3 4 5 
21 22 23 24 25 
6 7 8 9 10 
26 27 28 29 30 
11 12 13 14 15 
31 32 33 34 35 
16 17 18 19 20 

